layout_spectrum: 0
color:
  saturation: 0.6236559
  brandStrength: 0.8046595
  lightness: 0.7345629
  rhythmicContrast: 0.2508961
typography_spectrum: 0.04301075
name: 'Jordan Franz '
